[gd_scene load_steps=9 format=3 uid="uid://c5v8a8stohvh2"]

[ext_resource type="MeshLibrary" uid="uid://cml6sy6fjhcrt" path="res://mesh_libraries/space_library.tres" id="1_8crp3"]
[ext_resource type="PackedScene" uid="uid://ccxq6cjbv24f1" path="res://enemy/enemy.tscn" id="2_ygpac"]
[ext_resource type="PackedScene" uid="uid://c5jwrsqqcrpgr" path="res://base/base.tscn" id="3_g8kvy"]

[sub_resource type="ProceduralSkyMaterial" id="ProceduralSkyMaterial_qmnbx"]
sky_horizon_color = Color(0.64625, 0.65575, 0.67075, 1)
ground_horizon_color = Color(0.64625, 0.65575, 0.67075, 1)

[sub_resource type="Sky" id="Sky_fi2ep"]
sky_material = SubResource("ProceduralSkyMaterial_qmnbx")

[sub_resource type="Environment" id="Environment_axmr1"]
background_mode = 2
sky = SubResource("Sky_fi2ep")
tonemap_mode = 2
glow_enabled = true

[sub_resource type="StandardMaterial3D" id="StandardMaterial3D_2b2d7"]
albedo_color = Color(0.266667, 0.266667, 0.266667, 1)

[sub_resource type="Curve3D" id="Curve3D_uxudx"]
_data = {
"points": PackedVector3Array(0, 0, 0, 0, 0, 0, -22, 0, 2, -1, 0, 1, 1, 0, -1, -10, 0, 2, -1, 0, 1, 1, 0, -1, -10, 0, -6, -1, 0, -1, 1, 0, 1, -2, 0, -6, -1, 0, -1, 1, 0, 1, -2, 0, 2, -1, 0, 1, 1, 0, -1, 10, 0, 2, 0, 0, 0, 0, 0, 0, 10, 0, -10),
"tilts": PackedFloat32Array(0, 0, 0, 0, 0, 0, 0)
}
point_count = 7

[node name="BaseLevel" type="Node3D"]

[node name="WorldEnvironment" type="WorldEnvironment" parent="."]
environment = SubResource("Environment_axmr1")

[node name="DirectionalLight3D" type="DirectionalLight3D" parent="."]
transform = Transform3D(-0.866025, -0.433013, 0.25, 0, 0.5, 0.866025, -0.5, 0.75, -0.433013, 0, 0, 0)
shadow_enabled = true

[node name="CSGBox3D" type="CSGBox3D" parent="."]
transform = Transform3D(1, 0, 0, 0, 1, 0, 0, 0, 1, 0, -1, 0)
size = Vector3(100, 2, 100)
material = SubResource("StandardMaterial3D_2b2d7")

[node name="Camera3D" type="Camera3D" parent="."]
transform = Transform3D(1, 0, 0, 0, 0.5, 0.866026, 0, -0.866026, 0.5, 0, 14.5, 9.5)

[node name="GridMap" type="GridMap" parent="."]
mesh_library = ExtResource("1_8crp3")
cell_size = Vector3(4, 4, 4)
cell_center_y = false
data = {
"cells": PackedInt32Array(65535, 65533, 0, 65535, 1, 0, 65534, 65533, 0, 65532, 65533, 0, 65531, 65533, 0, 1, 65533, 0, 0, 65533, 0, 3, 65533, 0, 65534, 1, 0, 65533, 1, 0, 65532, 1, 0, 65531, 1, 0, 65531, 65535, 0, 65531, 65534, 0, 0, 1, 0, 1, 1, 0, 2, 1, 0, 3, 1, 0, 4, 1, 0, 4, 0, 0, 4, 65535, 0, 4, 65534, 0, 4, 65533, 0, 65532, 65535, 0, 65534, 65535, 0, 0, 65535, 0, 1, 65535, 0, 65532, 65534, 0, 0, 65534, 0, 1, 65534, 0, 3, 65534, 0, 3, 65535, 0, 3, 0, 0, 65534, 0, 0, 65533, 65533, 0)
}

[node name="Path3D" type="Path3D" parent="."]
curve = SubResource("Curve3D_uxudx")

[node name="Road" type="CSGPolygon3D" parent="Path3D"]
polygon = PackedVector2Array(-1, 0, -1, 0.1, 1, 0.1, 1, 0)
mode = 2
path_node = NodePath("..")
path_interval_type = 0
path_interval = 0.5
path_simplify_angle = 0.0
path_rotation = 2
path_local = false
path_continuous_u = true
path_u_distance = 1.0
path_joined = false

[node name="LeftEdge" type="CSGPolygon3D" parent="Path3D"]
polygon = PackedVector2Array(-1.1, 0, -1.1, 0.15, -0.9, 0.15, -0.9, 0)
mode = 2
path_node = NodePath("..")
path_interval_type = 0
path_interval = 0.5
path_simplify_angle = 0.0
path_rotation = 2
path_local = false
path_continuous_u = true
path_u_distance = 1.0
path_joined = false

[node name="RightEdge" type="CSGPolygon3D" parent="Path3D"]
polygon = PackedVector2Array(0.9, 0, 0.9, 0.15, 1.1, 0.15, 1.1, 0)
mode = 2
path_node = NodePath("..")
path_interval_type = 0
path_interval = 0.5
path_simplify_angle = 0.0
path_rotation = 2
path_local = false
path_continuous_u = true
path_u_distance = 1.0
path_joined = false

[node name="Enemy" parent="Path3D" instance=ExtResource("2_ygpac")]
transform = Transform3D(-0.0497228, 0, -0.99876, 0, 1, 0, 0.99876, 0, -0.0497228, -17.0123, 0, 2.34524)
progress = 5.0

[node name="Enemy2" parent="Path3D" instance=ExtResource("2_ygpac")]
transform = Transform3D(-0.0582971, 0, -0.998296, 0, 1, 0, 0.998296, 0, -0.0582971, -18.0109, 0, 2.29112)
progress = 4.0

[node name="Enemy3" parent="Path3D" instance=ExtResource("2_ygpac")]
transform = Transform3D(-0.0657919, 0, -0.99783, 0, 1, 0, 0.99783, 0, -0.0657919, -19.009, 0, 2.22899)
progress = 3.0

[node name="Enemy4" parent="Path3D" instance=ExtResource("2_ygpac")]
transform = Transform3D(-0.0726707, 0, -0.997353, 0, 1, 0, 0.997353, 0, -0.0726707, -20.0066, 0, 2.15972)
progress = 2.0

[node name="Enemy5" parent="Path3D" instance=ExtResource("2_ygpac")]
transform = Transform3D(-0.0795174, 0, -0.99683, 0, 1, 0, 0.99683, 0, -0.0795174, -21.0042, 0, 2.08363)
progress = 1.0

[node name="Base" parent="." instance=ExtResource("3_g8kvy")]
transform = Transform3D(1, 0, 0, 0, 1, 0, 0, 0, 1, 10, 0, -10)
